822

Μ5155 79. 81.

Μ5155555,81515. v. 187. 207. 249.

5555555551 223.

Μ5555 201. 203. 205 1. 2081. 215.

515551-11515 119.

Μ55551511 59. 82. 127. 129. 156.
167. 229. 241. 264.

- 1158. 74. 86. 88. 95181. 225.
235 1. 293.

- 551155 1. Aegypton 225.

Muhamedaner (1155155, 851555555)
38. 98. 103-109, 121. 128 ff.
143 ff. 148. 1551. 1591162 1.
167 ff. 189. 193. 201. 207. 212.
215 ff. 220. 229. 235. 238. 242.
247 ff. 272. 299. 3031. 808.

11511555, 0155. 1. 17.

15115155 5. deren 5511 81.

1155515551, Η555 65.

1151511 70.

Musa 2181.

Μ55151 191.

115151 264.

Nauplia 253.

Naydon 115.

Nazareth 296.

1155551 5. 1155551115551 78 f. 243.
- 116515 1. 55 1. 58. 77. 79.
Neapolis (815551) 299.

11551 8555511111 108 f. 111 ff.
Neuburg 5. D. IX.
Nicodemus‚ 11. 203.

111551555, 51. 77.
11155155515151 89.

111551555 1. d. 1155 15 1.
-Pisanus 29 1.

Nicon, 551205.

Nicopolis 109.

11155515 (1151115515) 91 ff.
Niger 51555 96.

11ίῖ1Βὲ15. 219. 222. 2261. 2311. 234.

1111115551 215 1. 234.

11155, 15551 250 1.

1155596. 100. 233.

1151155555 78.

1151151111 (11515511) 176.

11515115 57.

1111155515 61. 14. 30. 62111 68. 259.
1155555515, 151111. 178. 187.

01151515 (155 551155 98. 105115.
121129. 140. 191.

05151293.

05511155 208.

5155515 55115 551551 (155 5555112141.

orden vom hl. 51555 s. u. Jeru-
551515.

51555, 1511511155 551555511551,
355511555515. 5. w.

orden, der 1111115 (155 51. 11155515-
5558. 128. 163.

05555105.

051511551 142. 145.

05555155 51. ,

0115 1. 11515155 38.

0115515751.

Padus 2111. 29 1. 32. 54. 92.

Ρ51551155 (1555, 1111155 5. 115551-
5511511) 269.

Ρ51515555155137. 141.

Paphos 91.

55511555155115 2181.

Ρ5555555151, 1155551. 62. Ale·

’ 1155151 63. 85155515 63. 051151.

63. 05515563. 1155551155 63.
155. 63. 855551. 63.

Ρ515555 70. 261.

Ρ51515 57.

Paros, insol 83, 2511.

15155515, 175115. 1. 67.

515551 05115511 vl. 1611. Β1511551
11. 1155155151 17. 51-Η555
200. 210. 111-1115551210. ‹ar-Ra·
kine 193. 1981. 210. 212. el·
Watiye 201. 212.

15115579.

 

