326

751555 75 f.

75115. 55519555 91 1.

7555613 5. 7555115555 2011. 25.
28. 30. 321. 41. 48. 51. 53. 55-
60. 63. 68 ff. 76. 791. 91-97.
125 f. 175. 187. 241. 250. 253.
2611.
handel 51.
lage der stadt 51.

15555155 51 f.

kirchen 5551115155555 331. 361.
15551515555555155158 f. 61.
patriarch 33. 52. 5911.

(loge 61.

55515555 (155 0551551555 22 1. 31.

· 555555115555511555555 701. 73

-80. 921. 251 11. 261.

Venus 194 1.

Verona 21 ff. 28 1. 71.

75555155 290.

7555555155 290.

Victor Superanlius 58.

Villinger, Petrus 17.

715555515 21. 23. 25.

Wadi 51-4515155211.

- Baralr 199. 212.

- 85555 199.

- (1555555151 213. 215.

- ‹el-Remi 212.

- el·Ledja 206. 208.

- hebwe 199.

— Maghairat 201. 210.

- 51-Μ55515115212.

- 351555 200.

- 55515-8555515 199 ff. 2101.
- 85151 199 1. 211.

- Suleiman 109.

- 5177551135.

-- 7755655 213. 215.
Waldburg, 15555, (1555155511 5. 188.
-155555, 5155515550 5. 179.
- Georg, druchsess 5. 179.

17510555 179.

775155 7.

1751151555 65.

1751155511, 71155 5. Η555 5. 63.
wappenschilder der adeligen 78.
175555 17.

1751551555 68.

7751055553, 155. 5. XIII.

- Ulrirh v. XIII. 68.

5511 des 15555 Ali 104.

1751555, Ρ5155 180. 187. 214. 249.
Welschherg, christoph 68.
17555555551515. 264.
77551555151155, Joh. 5. 621.

17155 57.

77116, Joh. 16. 2011. 26. 121. 123.
171Ιά5551515, Marg. v. 67.
Wilhelm 115. ΙΙΙ. 5. Η55555 177.
- 5. 'I'hiiringen 52. 65. 70. 115.
- 5. Wilflispurg 188.

Wirrsberg 68.

wladislaus 57.

Worms 2. 4. 67.

1755555551115. 175.

551515 der 5155551555515 195 ff. 207.

7515 21. 91. 96-106. 270. 299. 302.
7515 136.

75555515 116.

75115-1555155 38.

71115355, Η555 5. 120.

75555, Joh 5. 18.

75155115 192.

2551555155’5555 (5552515515) 118.
135 f. 170. 186.

25551155 haus 147. 168.

251515 Djamalr, 551155 224.

25515 79.

2555 24. 73. 78. 260.

25555155 371.

2515515, Georg 5. 63.

5511 der 15551 555 7555615 nach
Ρ51551155 691.

 

